x = 495.3446;
y = 496;

image_xscale = 2.310843;
image_yscale = 4.016394;